Original
Covariance matrix: 
[ 0.08114958 -0.00019145 -0.00285269 -0.0097725  -0.0002328   0.00089894 -0.00084494 -0.00272579 -0.00763107]
[-0.00019145  0.08253715 -0.00664985 -0.00794904 -0.00271255  0.00965559 -0.00330311 -0.00440872 -0.0021787 ]
[-0.00285269 -0.00664985  0.11035925  0.01002179 -0.0058814  -0.00409499 -0.00637978 -0.01023804 -0.00019736]
[-0.0097725  -0.00794904  0.01002179  0.10065637  0.00243569 -0.00225388 -0.00183403 -0.00078518  0.00345652]
[-0.0002328  -0.00271255 -0.0058814   0.00243569  0.07796061 -0.00262047  0.00534246  0.00049278 -0.00642405]
[ 0.00089894  0.00965559 -0.00409499 -0.00225388 -0.00262047  0.07319223 -0.00986232 -0.00436922 -0.00603079]
[-0.00084494 -0.00330311 -0.00637978 -0.00183403  0.00534246 -0.00986232  0.06293169 -0.00068434 -0.00582927]
[-0.00272579 -0.00440872 -0.01023804 -0.00078518  0.00049278 -0.00436922 -0.00068434  0.08329858  0.00350609]
[-0.00763107 -0.0021787  -0.00019736  0.00345652 -0.00642405 -0.00603079 -0.00582927  0.00350609  0.05901341]

 covariance matrix2: 
[55.34401171 -0.13057101 -1.94553441 -6.66484627 -0.15877013  0.61307467 -0.57625183 -1.85898975 -5.20439239]
[-0.13057101 56.29033675 -4.53519766 -5.42124451 -1.84995608  6.58510981 -2.25272328 -3.00674963 -1.48587116]
[-1.94553441 -4.53519766 75.26500732  6.83486091 -4.01111274 -2.79278184 -4.35101025 -6.98234261 -0.13459736]
[-6.66484627 -5.42124451  6.83486091 68.64764275  1.66114202 -1.53714495 -1.25080527 -0.53549048  2.35734993]
[-0.15877013 -1.84995608 -4.01111274  1.66114202 53.16913616 -1.78715959  3.64355783  0.33607613 -4.38120059]
[ 0.61307467  6.58510981 -2.79278184 -1.53714495 -1.78715959 49.91710102 -6.72610542 -2.97980966 -4.11300146]
[-0.57625183 -2.25272328 -4.35101025 -1.25080527  3.64355783 -6.72610542 42.91941435 -0.46672035 -3.97556369]
[-1.85898975 -3.00674963 -6.98234261 -0.53549048  0.33607613 -2.97980966 -0.46672035 56.80963397  2.39115666]
[-5.20439239 -1.48587116 -0.13459736  2.35734993 -4.38120059 -4.11300146 -3.97556369  2.39115666 40.24714495]

Correlation matrix: 
[ 1.         -0.00233935 -0.03014443 -0.10812895 -0.00292687  0.01166416 -0.01182361 -0.0331536  -0.11027249]
[-0.00233935  1.         -0.06967592 -0.0872106  -0.03381541  0.12422855 -0.0458315  -0.05317033 -0.0312174 ]
[-0.03014443 -0.06967592  1.          0.09508682 -0.06340719 -0.04556336 -0.07655378 -0.10678091 -0.00244553]
[-0.10812895 -0.0872106   0.09508682  1.          0.02749566 -0.02625895 -0.02304358 -0.00857488  0.04484806]
[-0.00292687 -0.03381541 -0.06340719  0.02749566  1.         -0.03469036  0.07627267  0.00611501 -0.09470999]
[ 0.01166416  0.12422855 -0.04556336 -0.02625895 -0.03469036  1. -0.14531555 -0.0559568  -0.0917628 ]
[-0.01182361 -0.0458315  -0.07655378 -0.02304358  0.07627267 -0.14531555  1.         -0.00945189 -0.09565425]
[-0.0331536  -0.05317033 -0.10678091 -0.00857488  0.00611501 -0.0559568 -0.00945189  1.          0.05000685]
[-0.11027249 -0.0312174  -0.00244553  0.04484806 -0.09470999 -0.0917628 -0.09565425  0.05000685  1.        ]

PCA: 
[0.29673577 0.40397067 0.39275858 0.33120214 0.24973982 0.44261347 0.29207832 0.35453597 0.12457633]
[-0.07350664  0.22992885  0.16470098 -0.09819754  0.20021505 -0.78056963  0.00847974  0.46919452  0.18806889]
[-0.85200897 -0.02627438 -0.07445454  0.47385846  0.03165568  0.09341837  0.12241209  0.13372376  0.02663127]
[ 0.04706374  0.29461882  0.20651466  0.39419863  0.18882266 -0.29438441 -0.04122305 -0.75394927  0.14313933]
[-0.39976537  0.33796907  0.37015092 -0.64249922  0.19505447  0.16867448  0.09259014 -0.19689024 -0.24962286]
[-0.09754668 -0.09240845 -0.08733061 -0.18980035  0.40135442  0.25296268 -0.46305857 -0.00420984  0.70624221]
[-0.03612583  0.17495075  0.34688571  0.18381614 -0.28345153  0.05368932 -0.79596032  0.15775058 -0.26889348]
[ 0.08795577 -0.13045578 -0.24226147  0.12769869  0.75394913 -0.01838232 -0.18371288  0.05796151 -0.54254984]
[ 0.00643272  0.72530059 -0.66840395 -0.04246451 -0.11389555  0.06126616 -0.0873777   0.02847686 -0.01261209]

Eigenvectors: 
[-0.17428776  0.17493522 -0.28713851  0.14968862 -0.30142892 -0.35191617 -0.29750788 -0.72672411 -0.05313173]
[-0.2280703   0.02007541 -0.31517104  0.05626464  0.55701952  0.03642827 -0.65319163  0.23125887 -0.23096469]
[ 0.77275147  0.11192676 -0.46330124 -0.06380662 -0.21727177  0.1082791  -0.08137631  0.10506588 -0.30824653]
[ 0.51921557  0.00140355  0.55572422 -0.05612124  0.44337325 -0.26726861 -0.21204595 -0.32426919  0.01754656]
[-0.07170974  0.1072415   0.2262749   0.36671655 -0.15537717 -0.56891866  0.11071757  0.3641414  -0.55227509]
[-0.10976088  0.4031178  -0.23385272 -0.27083047  0.47663209 -0.04839613  0.57074734 -0.22587004 -0.30186458]
[-0.07577509  0.55658142  0.14188369 -0.6216987  -0.23868213 -0.21887008 -0.26295559  0.26754656  0.17954088]
[-0.15187791  0.03942307  0.39246824 -0.1703072  -0.21156497  0.55302558 -0.16008636 -0.21426403 -0.60844828]
[ 0.069854    0.68638424  0.12120857  0.58639811  0.04509858  0.33454309 -0.02144737  0.03309973  0.22345983]

Eigenvalues: 
84.190421094393
32.673622900995284
70.60759560324888
41.245254337957036
61.9526267524388
58.23246732012016
46.77300483169725
52.86413551984634
50.07030062905453
