Original
Covariance matrix: 
[ 0.08114958 -0.00019145 -0.00285269 -0.0097725  -0.0002328   0.00089894 -0.00084494 -0.00272579 -0.00763107]
[-0.00019145  0.08253715 -0.00664985 -0.00794904 -0.00271255  0.00965559 -0.00330311 -0.00440872 -0.0021787 ]
[-0.00285269 -0.00664985  0.11035925  0.01002179 -0.0058814  -0.00409499 -0.00637978 -0.01023804 -0.00019736]
[-0.0097725  -0.00794904  0.01002179  0.10065637  0.00243569 -0.00225388 -0.00183403 -0.00078518  0.00345652]
[-0.0002328  -0.00271255 -0.0058814   0.00243569  0.07796061 -0.00262047  0.00534246  0.00049278 -0.00642405]
[ 0.00089894  0.00965559 -0.00409499 -0.00225388 -0.00262047  0.07319223 -0.00986232 -0.00436922 -0.00603079]
[-0.00084494 -0.00330311 -0.00637978 -0.00183403  0.00534246 -0.00986232  0.06293169 -0.00068434 -0.00582927]
[-0.00272579 -0.00440872 -0.01023804 -0.00078518  0.00049278 -0.00436922 -0.00068434  0.08329858  0.00350609]
[-0.00763107 -0.0021787  -0.00019736  0.00345652 -0.00642405 -0.00603079 -0.00582927  0.00350609  0.05901341]
Correlation matrix: 
[ 1.         -0.00233935 -0.03014443 -0.10812895 -0.00292687  0.01166416 -0.01182361 -0.0331536  -0.11027249]
[-0.00233935  1.         -0.06967592 -0.0872106  -0.03381541  0.12422855 -0.0458315  -0.05317033 -0.0312174 ]
[-0.03014443 -0.06967592  1.          0.09508682 -0.06340719 -0.04556336 -0.07655378 -0.10678091 -0.00244553]
[-0.10812895 -0.0872106   0.09508682  1.          0.02749566 -0.02625895 -0.02304358 -0.00857488  0.04484806]
[-0.00292687 -0.03381541 -0.06340719  0.02749566  1.         -0.03469036  0.07627267  0.00611501 -0.09470999]
[ 0.01166416  0.12422855 -0.04556336 -0.02625895 -0.03469036  1. -0.14531555 -0.0559568  -0.0917628 ]
[-0.01182361 -0.0458315  -0.07655378 -0.02304358  0.07627267 -0.14531555  1.         -0.00945189 -0.09565425]
[-0.0331536  -0.05317033 -0.10678091 -0.00857488  0.00611501 -0.0559568 -0.00945189  1.          0.05000685]
[-0.11027249 -0.0312174  -0.00244553  0.04484806 -0.09470999 -0.0917628 -0.09565425  0.05000685  1.        ]
